AE51	
Date Time	IR: Ref;IR Sense;IR Atten;UV: Ref;UV: Sense;UV Atten;Flow (mL/m);Temp (C);0;0;IR BC;UV BC	2015/04/12;14:33:18;
2015/04/12;14:33:28;782094;789362;-0.93;842269;498196;52.51;53;32;0;0;0.000000E+0;0.000000E+0
2015/04/12;14:33:38;781945;789150;-0.92;842474;498198;52.53;50;33;0;0;52980;70524
2015/04/12;14:33:48;781900;788652;-0.86;842513;497056;52.77;51;33;0;0;381675;676309
2015/04/12;14:33:58;781908;784836;-0.37;842458;491526;53.88;49;33;0;0;3365646;3344175
2015/04/12;14:34:08;781906;779787;0.27;842439;485164;55.18;50;33;0;0;4377827;3832042
2015/04/12;14:34:18;781884;774159;0.99;842589;478217;56.64;50;33;0;0;4896248;4302044
2015/04/12;14:34:28;781928;764738;2.22;842517;466269;59.16;51;33;0;0;8183098;7284388
2015/04/12;14:34:38;781940;757756;3.14;842422;458950;60.73;50;33;0;0;6234290;4628599
2015/04/12;14:34:48;781814;754758;3.52;842388;456107;61.35;50;33;0;0;2580733;1819029
2015/04/12;14:34:58;781941;753303;3.73;842503;454503;61.72;50;33;0;0;1419639;1078257
2015/04/12;14:35:08;781860;752675;3.80;842363;454029;61.80;50;33;0;0;495649;258485
2015/04/12;14:35:18;781823;752539;3.82;842464;453963;61.83;49;33;0;0;92357;79757
2015/04/12;14:35:28;781818;751836;3.91;842416;452795;62.08;49;33;0;0;642724;757447
2015/04/12;14:35:38;781822;750052;4.15;842441;450752;62.54;49;33;0;0;1648539;1368588
2015/04/12;14:35:48;781841;748941;4.30;842484;449731;62.77;50;33;0;0;1022375;683214
2015/04/12;14:35:58;781804;748272;4.38;842383;448962;62.93;49;33;0;0;586030;478504
2015/04/12;14:36:08;781876;747760;4.46;842471;448392;63.07;50;33;0;0;526967;405106
2015/04/12;14:36:18;781807;747261;4.52;842443;447888;63.18;50;33;0;0;393101;321587
2015/04/12;14:36:28;781806;746781;4.58;842396;447296;63.30;48;33;0;0;453289;388831
2015/04/12;14:36:38;781738;746293;4.64;842433;446858;63.41;51;33;0;0;377015;295697
2015/04/12;14:36:48;781774;745866;4.70;842387;446284;63.53;51;33;0;0;411392;355531
2015/04/12;14:36:58;781767;745433;4.76;842366;445801;63.63;51;33;0;0;380371;305608
2015/04/12;14:37:08;781709;744941;4.82;842427;445315;63.75;50;33;0;0;397680;342733
2015/04/12;14:37:18;781721;744501;4.88;842360;444806;63.86;48;33;0;0;428481;326613
2015/04/12;14:37:28;781756;744209;4.92;842419;444469;63.94;50;33;0;0;296581;243960
2015/04/12;14:37:38;781750;743819;4.97;842452;444024;64.04;51;33;0;0;343622;300681
2015/04/12;14:37:48;781738;743344;5.04;842479;443402;64.19;51;33;0;0;414768;414205
2015/04/12;14:37:58;781719;741911;5.23;842346;441516;64.60;51;33;0;0;1267575;1185735
2015/04/12;14:38:08;781801;740130;5.48;842381;439478;65.06;50;33;0;0;1702116;1375481
2015/04/12;14:38:18;781649;738076;5.74;842416;437393;65.54;50;33;0;0;1753871;1413477
2015/04/12;14:38:28;781660;736234;5.99;842389;435332;66.01;50;33;0;0;1705193;1382241
2015/04/12;14:38:38;781696;734325;6.25;842360;433236;66.49;51;33;0;0;1757897;1384264
2015/04/12;14:38:48;781742;732456;6.51;842512;431222;66.98;49;33;0;0;1805368;1455222
2015/04/12;14:38:58;781623;730403;6.78;842335;428671;67.55;51;33;0;0;1766047;1653289
2015/04/12;14:39:08;781594;724468;7.59;842426;421212;69.31;51;33;0;0;5403219;5101955
2015/04/12;14:39:18;781655;716510;8.70;842362;412452;71.41;50;33;0;0;7548183;6170153
2015/04/12;14:39:28;781608;708954;9.76;842401;404236;73.43;50;33;0;0;7153245;5942330
2015/04/12;14:39:38;781604;701205;10.85;842520;396042;75.49;50;33;0;0;7454410;6075685
2015/04/12;14:39:48;781730;694165;11.88;842520;388400;77.44;49;33;0;0;7098677;5858326
2015/04/12;14:39:58;2490994;3491137;-33.75;787471;3221262;-140.87;60870;11;0;0;-254369;-528376
2015/04/12;14:40:08;7095811;6649711;6.49;638550;839169;-27.32;626;38;0;0;21814246;26723208
2015/04/12;14:40:18;319861;725500;-81.90;598059;838970;-33.85;515;38;0;0;-58233429;-1867277
2015/04/12;14:40:28;291487;725345;-91.17;4480876;3228484;32.78;17923;108;0;0;-175443;547688
2015/04/12;14:40:38;6908960;7629165;-9.92;6753261;5245095;25.27;25954;102;0;0;1062157;-42615
2015/04/12;14:40:48;15666394;132011;477.64;4415284;4010600;9.61;49677;3;0;0;3329980;-46443
2015/04/12;14:40:58;6253685;4408388;34.97;7086194;6909289;2.53;17247;104;0;0;-8708487;-60521
2015/04/12;14:41:08;781234;344129;81.99;842153;115244;198.89;96;33;0;0;166181102;301347624
2015/04/12;14:41:18;6239281;3303491;63.59;7107943;4473951;46.29;13876;50;0;0;-449845;-1620172
2015/04/12;14:41:28;2126437;7170412;-121.55;15391053;6440459;87.12;14129;54;0;0;-4445930;425686
2015/04/12;14:41:38;14238720;7796748;60.23;3420465;6832991;-69.20;2571;13;0;0;23988956;-8957453
2015/04/12;14:41:48;7694180;4480876;54.06;7497060;6908960;8.17;13361;95;0;0;-156460;853102
2015/04/12;14:41:58;478522;11602923;-318.83;6422617;9833689;-42.60;3277;58;0;0;-38608633;-2282409
2015/04/12;14:42:08;3223875;4415284;-31.45;6775909;6253685;8.02;8224;52;0;0;11856333;906799
2015/04/12;14:42:18;6644846;7086194;-6.43;7497055;7499634;-0.03;8308;49;0;0;1021720;-142834
2015/04/12;14:42:28;3345614;991488;121.62;658193;224013;107.78;15144;4;0;0;2868894;1048850
2015/04/12;14:42:38;3350560;3695718;-9.80;2105405;3159089;-40.58;24428;68;0;0;-1825418;-894746
2015/04/12;14:42:48;13490435;15884;674.44;1161217;854539;30.67;3596;41;0;0;64560506;2918817
2015/04/12;14:42:58;2112818;3617568;-53.78;4010600;3219488;21.97;30055;108;0;0;-8220906;-42619
2015/04/12;14:43:08;226668;839140;-130.89;67754;725432;-237.09;1039;12;0;0;-25181142;-36733719
2015/04/12;14:43:18;3303491;2105405;45.05;6832991;2112818;117.37;13112;103;0;0;4552607;3982730
2015/04/12;14:43:28;2327307;13478403;-175.64;15717132;1176064;259.26;3873;4;0;0;-19332976;5397157
2015/04/12;14:43:38;6832991;2112818;117.37;4415284;4010600;9.61;25956;48;0;0;3830194;-1416982
2015/04/12;14:43:48;14683114;12911357;12.86;3280088;9765092;-109.09;8448;15;0;0;-4197570;-2070160
2015/04/12;14:43:58;4415284;4010600;9.61;6239281;3303491;63.59;25953;57;0;0;-42435;980260
2015/04/12;14:44:08;780729;175768;149.11;841811;50072;282.21;102;33;0;0;464009046;315770151
2015/04/12;14:44:18;6239281;3303491;63.59;3420465;6832991;-69.20;13874;99;0;0;-2091358;-3731553
2015/04/12;14:44:28;15342925;7121163;76.76;14165760;11610636;19.89;25612;0;0;0;174466;512462
2015/04/12;14:44:38;3420465;6832991;-69.20;3223875;4415284;-31.45;12832;51;0;0;-3859260;-589436
2015/04/12;14:44:48;8539450;11602921;-30.66;5832793;6884568;-16.58;3277;102;0;0;3990597;668527
2015/04/12;14:44:58;3223875;4415284;-31.45;3228484;6239281;-65.89;8224;50;0;0;-32707;-883286
2015/04/12;14:45:08;5061208;780604;186.93;22790;841738;-360.91;52643;12;0;0;1407479;-825666
2015/04/12;14:45:18;3228484;6239281;-65.89;4408388;3420465;25.37;8253;32;0;0;-10393545;6895710
2015/04/12;14:45:28;3823669;15288141;-138.59;5834269;14157568;-88.65;47617;205;0;0;-518030;-352786
2015/04/12;14:45:38;4408388;3420465;25.37;4473951;3223875;32.77;15666;32;0;0;3551022;1141846
2015/04/12;14:45:48;5780805;2706746;75.88;403242;12451929;-343.01;460;192;0;0;37253022;-120352030
2015/04/12;14:45:58;4473951;3223875;32.77;4480876;3228484;32.78;12904;61;0;0;-1133536;4290427
2015/04/12;14:46:08;3491137;5061208;-37.14;3222030;22788;495.15;43244;1;0;0;-548486;1575237
2015/04/12;14:46:18;4480876;3228484;32.78;6253685;4408388;34.97;26691;50;0;0;888792;-2540091
2015/04/12;14:46:28;4538662;3823669;17.14;2756108;5833787;-74.98;31755;161;0;0;-167091;-510113
2015/04/12;14:46:38;6253685;4408388;34.97;7107943;4473951;46.29;17247;104;0;0;350643;1035979
2015/04/12;14:46:48;4269570;5780805;-30.30;920580;264491;124.72;3048;110;0;0;-7265520;3790726
2015/04/12;14:46:58;7107943;4473951;46.29;7694133;4480876;54.06;24372;67;0;0;1066337;-427106
2015/04/12;14:47:08;2490937;3491137;-33.76;787471;1256206;-46.70;59591;11;0;0;-455784;-249124
2015/04/12;14:47:18;7694083;4480876;54.06;6764642;6253685;7.85;13361;95;0;0;2230123;601570
2015/04/12;14:47:28;143928;4538662;-345.11;266017;2821644;-236.15;32845;232;0;0;-4123472;-1094485
2015/04/12;14:47:38;6751108;6253685;7.65;3684197;7107943;-65.72;12593;52;0;0;9504407;1993932
2015/04/12;14:47:48;6501220;4269570;42.05;991488;920580;7.42;19770;213;0;0;590270;545012
2015/04/12;14:47:58;199437;7107943;-357.35;3433273;7694180;-80.70;12611;49;0;0;-10745493;-1029394
2015/04/12;14:48:08;6382391;2490930;94.09;2162739;787471;101.03;14936;77;0;0;10254988;1792508
2015/04/12;14:48:18;5311754;7694083;-37.05;3750193;6762853;-58.96;17220;49;0;0;-2583932;-1368834
2015/04/12;14:48:28;6436640;144486;379.66;13836;266017;-295.63;22581;58;0;0;6261311;-1544082
2015/04/12;14:48:38;854539;6750976;-206.69;3748128;3748657;-0.01;17476;67;0;0;-11383755;2492088
2015/04/12;14:48:48;3612704;3487801;3.52;3869902;991488;136.18;13637;88;0;0;5229992;1471337
2015/04/12;14:48:58;658193;208141;115.13;3219488;3487032;-7.98;17503;68;0;0;2163532;-1213428
2015/04/12;14:49:08;2105405;3618359;-54.15;839243;2162753;-94.66;17729;53;0;0;-3239618;-720308
2015/04/12;14:49:18;725494;4918538;-191.39;2105405;3553073;-52.33;24428;68;0;0;-1906193;255313
2015/04/12;14:49:28;2112818;3356448;-46.29;13504513;16140;672.95;16678;69;0;0;2951977;6406789
2015/04/12;14:49:38;1198336;854539;33.81;2112818;3551520;-51.94;27765;95;0;0;978818;-3846361
2015/04/12;14:49:48;4010600;3612704;10.45;10158446;4066509;91.55;9730;65;0;0;-814729;2172604
2015/04/12;14:49:58;14745713;658193;310.92;4010600;3219488;21.97;30055;108;0;0;3392045;-341074
2015/04/12;14:50:08;3303491;2105405;45.05;92916;839011;-220.05;565;38;0;0;-159661662;-63108933
2015/04/12;14:50:18;28997;725331;-321.94;3303491;2105405;45.05;26371;117;0;0;-4721741;1481026
2015/04/12;14:50:28;6832991;2112818;117.37;6715659;13511681;-69.91;12341;2;0;0;12078190;-1372367
2015/04/12;14:50:38;7360524;1145344;186.04;6832991;2112818;117.37;1018;103;0;0;22886752;27104131
2015/04/12;14:50:48;4415284;4010600;9.61;14224360;11075935;25.02;25701;49;0;0;-2329136;-529412
2015/04/12;14:50:58;13700310;6946926;67.91;4415284;4010600;9.61;11021;3;0;0;1794784;-205930
2015/04/12;14:51:08;6239281;3303491;63.59;780340;89199;216.89;25910;52;0;0;-56615;1178568
2015/04/12;14:51:18;841526;28236;339.46;6239281;3303491;63.59;3338;68;0;0;28041234;-6765943
2015/04/12;14:51:28;3420465;6832991;-69.20;15270733;5934091;94.52;13856;100;0;0;-10006874;328910
2015/04/12;14:51:38;14155776;7148044;68.33;3420465;6832991;-69.20;2571;13;0;0;18149285;-9381711
2015/04/12;14:51:48;3223875;4415284;-31.45;12340538;9309160;28.19;8224;54;0;0;-4116441;1744619
2015/04/12;14:51:58;11403353;13896919;-19.78;3223875;4415284;-31.45;2834;10;0;0;1397495;-3100288
2015/04/12;14:52:08;3228484;6239281;-65.89;5061208;780409;186.95;8253;32;0;0;-1895614;3898760
2015/04/12;14:52:18;22790;841588;-360.90;3228484;6239281;-65.89;4586;11;0;0;-21826231;-8122514
2015/04/12;14:52:28;4408388;3420465;25.37;3823669;15234637;-138.24;15666;32;0;0;8365784;-680402
2015/04/12;14:52:38;5834299;14123264;-88.41;4408388;3420465;25.37;1792;18;0;0;-21542805;13450854
2015/04/12;14:52:48;4473951;3223875;32.77;5780805;9784634;-52.63;12904;61;0;0;3186140;-890536
2015/04/12;14:52:58;395566;2883673;-198.65;4473951;3223875;32.77;100;196;0;0;-785186276;125810317
2015/04/12;14:53:08;4480876;3228484;32.78;3491137;5061208;-37.14;26691;50;0;0;2941914;-385863
2015/04/12;14:53:18;1256974;22790;401.01;4480876;3228484;32.78;25435;0;0;0;4912077;404985
2015/04/12;14:53:28;6253685;4408388;34.97;4538662;3823669;17.14;17247;104;0;0;-7201086;-133585
2015/04/12;14:53:38;3018252;5834269;-65.91;6253685;4408388;34.97;30476;98;0;0;-1123031;86164
2015/04/12;14:53:48;7107943;4473951;46.29;4269570;5780805;-30.30;24372;67;0;0;1561996;-394545
2015/04/12;14:53:58;920580;403246;82.55;7107943;4473951;46.29;3287;245;0;0;3741978;3433145
2015/04/12;14:54:08;7694132;4480876;54.06;2490931;3491137;-33.76;13361;95;0;0;-723272;-882691
2015/04/12;14:54:18;787471;3223054;-140.93;7694083;4480876;54.06;54938;12;0;0;-1204239;235506
2015/04/12;14:54:28;6762805;6253685;7.83;144998;4538662;-344.37;12593;52;0;0;4007824;-4661252
2015/04/12;14:54:38;266016;3018252;-242.89;6751124;6253685;7.65;49664;214;0;0;-1712818;1044254
2015/04/12;14:54:48;3761208;7107943;-63.65;6578534;4269570;43.23;12611;49;0;0;4822364;415612
2015/04/12;14:54:58;991232;920580;7.39;205581;7107943;-354.31;89;226;0;0;270830282;-658072058
2015/04/12;14:55:08;6501936;7694181;-16.84;3565109;2490928;35.85;17220;49;0;0;-477430;3338080
2015/04/12;14:55:18;2097202;787471;97.95;9440522;7694083;20.46;22788;0;0;0;1709112;-99549
2015/04/12;14:55:28;3420209;6775351;-68.36;6632736;156262;374.82;17476;67;0;0;-3228909;2987391
2015/04/12;14:55:38;12044;266016;-309.50;854539;6751056;-206.69;1053;89;0;0;-77698847;-81359973
2015/04/12;14:55:48;6710816;6764386;-0.80;6632736;145459;381.99;17476;67;0;0;5993406;4962663
2015/04/12;14:55:58;12812;266016;-303.32;854539;6751127;-206.69;1063;89;0;0;-96560120;-81587628
2015/04/12;14:56:08;6579744;6775096;-2.93;6567200;145765;380.78;17476;67;0;0;5832026;4952529
2015/04/12;14:56:18;12812;266016;-303.32;854539;6751113;-206.69;1073;89;0;0;-94986474;-80662036
2015/04/12;14:56:28;6383136;6764343;-5.80;6567200;155958;374.03;17476;67;0;0;5776213;4895547
2015/04/12;14:56:38;12812;266016;-303.32;854539;6751084;-206.69;1083;89;0;0;-93208765;-78997701
2015/04/12;14:56:48;3696160;6763826;-60.43;6567200;143409;382.41;17476;67;0;0;4715607;4966261
2015/04/12;14:56:58;12812;266016;-303.32;854539;6751098;-206.69;1033;89;0;0;-79777305;-84017813
2015/04/12;14:57:08;3499552;6775140;-66.06;6501664;145506;379.96;17476;67;0;0;4606243;4945570
2015/04/12;14:57:18;12812;266016;-303.32;854539;6751187;-206.69;1043;89;0;0;-77179958;-82865741
2015/04/12;14:57:28;3434016;6775097;-67.95;6501664;156984;372.37;17476;67;0;0;4569552;4881573
2015/04/12;14:57:38;12556;266016;-305.34;854539;6751153;-206.69;1053;89;0;0;-76488423;-81016426
2015/04/12;14:57:48;3368480;6776421;-69.90;6501664;145463;379.99;17476;67;0;0;4570949;4945826
2015/04/12;14:57:58;12812;266016;-303.32;854539;6751015;-206.69;1063;89;0;0;-74503378;-81310392
2015/04/12;14:58:08;3368480;6764339;-69.72;6501664;156725;372.53;17476;67;0;0;4535228;4882944
2015/04/12;14:58:18;13068;266016;-301.34;854539;6751105;-206.69;1073;89;0;0;-73239864;-79528909
2015/04/12;14:58:28;3302944;6763574;-71.67;6501664;145204;380.17;17476;67;0;0;4458892;4947322
2015/04/12;14:58:38;12556;266016;-305.34;854539;6751051;-206.69;1083;89;0;0;-73203756;-79833131
2015/04/12;14:58:48;3302944;6763057;-71.67;6501664;145715;379.82;17476;67;0;0;4536637;4944354
2015/04/12;14:58:58;12812;266016;-303.32;854539;6751176;-206.69;1033;89;0;0;-76086591;-83647432
2015/04/12;14:59:08;3237408;6764387;-73.69;6501664;143411;381.41;17476;67;0;0;4458159;4957805
2015/04/12;14:59:18;12812;266016;-303.32;854539;6751166;-206.69;1043;89;0;0;-74698749;-83070551
2015/04/12;14:59:28;3237408;6776377;-73.87;6501664;156210;372.86;17476;67;0;0;4454721;4885737
2015/04/12;14:59:38;12812;266016;-303.32;854539;6751023;-206.69;1053;89;0;0;-73932297;-81085310
2015/04/12;14:59:48;3237408;6763320;-73.67;6501664;145714;379.82;17476;67;0;0;4458466;4944356
2015/04/12;14:59:58;12812;266016;-303.32;854539;6751227;-206.69;1063;89;0;0;-73298351;-81286933
2015/04/12;15:00:08;3237408;6764598;-73.69;6501664;144178;380.88;17476;67;0;0;4458099;4953315
2015/04/12;15:00:18;12812;266016;-303.32;854539;6751125;-206.69;1073;89;0;0;-72609261;-80674661
2015/04/12;15:00:28;3237408;6763829;-73.68;6501664;143410;381.41;17476;67;0;0;4458320;4957805
2015/04/12;15:00:38;12812;266016;-303.32;854539;6751066;-206.69;1083;89;0;0;-71942377;-80002280
2015/04/12;15:00:48;3237408;6775347;-73.85;6501664;156721;372.53;17476;67;0;0;4455016;4882971
2015/04/12;15:00:58;12812;266016;-303.32;854539;6751117;-206.69;1033;89;0;0;-75368699;-82608830
2015/04/12;15:01:08;3237408;6763570;-73.68;6501664;155953;373.03;17476;67;0;0;4458394;4887119
2015/04/12;15:01:18;12812;266016;-303.32;854539;6751167;-206.69;1043;89;0;0;-74702678;-81886293
2015/04/12;15:01:28;3237408;6776112;-73.86;6501664;144689;380.52;17476;67;0;0;4454797;4950325
2015/04/12;15:01:38;12556;266016;-305.34;854539;6751207;-206.69;1053;89;0;0;-74583902;-82157613
2015/04/12;15:01:48;3171872;6763622;-75.72;6501664;143665;381.23;17476;67;0;0;4457860;4956317
2015/04/12;15:01:58;12812;266016;-303.32;854539;6751007;-206.69;1063;89;0;0;-72644162;-81482754
2015/04/12;15:02:08;3171872;6762597;-75.71;6501664;143409;381.41;17476;67;0;0;4418968;4957796
2015/04/12;15:02:18;12812;266016;-303.32;854539;6750980;-206.69;1073;89;0;0;-71971935;-80747795
2015/04/12;15:02:28;3171872;6775651;-75.90;6501664;156720;372.54;17476;67;0;0;4415224;4882966
2015/04/12;15:02:38;12812;266016;-303.32;854539;6751149;-206.69;1083;89;0;0;-71246958;-78795092
2015/04/12;15:02:48;3171872;6764642;-75.74;6501664;144432;380.70;17476;67;0;0;4418381;4951821
2015/04/12;15:02:58;14604;266016;-290.23;854539;6751032;-206.69;1545;89;0;0;-47102813;-56011506
2015/04/12;15:03:08;6645024;6762550;-1.75;6436128;143670;380.22;17476;67;0;0;5600627;4947726
2015/04/12;15:03:18;16652;266016;-277.10;854539;6751000;-206.69;1555;89;0;0;-60079655;-55605391
2015/04/12;15:03:28;3368224;6762803;-69.71;3749152;157240;317.15;17476;67;0;0;4026567;4416070
2015/04/12;15:03:38;22028;266016;-249.12;854539;6751068;-206.69;1565;89;0;0;-38898045;-49313345
2015/04/12;15:03:48;3564576;6763108;-64.04;3683616;156978;315.55;17476;67;0;0;3593289;4402618
2015/04/12;15:03:58;22284;266016;-247.97;854539;6751203;-206.69;1575;89;0;0;-39621768;-48851074
2015/04/12;15:04:08;3171360;6764643;-75.75;3618080;156728;313.92;17476;67;0;0;3343487;4388845
2015/04/12;15:04:18;21772;266016;-250.29;854539;6751106;-206.69;1585;89;0;0;-37362424;-48390688
2015/04/12;15:04:28;6447904;6776368;-4.97;3552544;143716;320.76;17476;67;0;0;4762913;4446489
2015/04/12;15:04:38;18188;266016;-268.28;854539;6751181;-206.69;1595;89;0;0;-56012075;-48719131
2015/04/12;15:04:48;3695392;6764336;-60.46;3552544;157239;311.77;17476;67;0;0;4034804;4370688
2015/04/12;15:04:58;21516;266016;-251.48;854539;6751197;-206.69;1545;89;0;0;-41948837;-49438303
2015/04/12;15:05:08;3433248;6776375;-67.99;3552544;145458;319.55;17476;67;0;0;3562263;4436344
2015/04/12;15:05:18;15628;266016;-283.45;854539;6751154;-206.69;1555;89;0;0;-47011182;-49858169
2015/04/12;15:05:28;3367712;6764129;-69.74;3552544;145714;319.38;17476;67;0;0;4149109;4434856
2015/04/12;15:05:38;12812;266016;-303.32;854539;6751183;-206.69;1053;89;0;0;-75262066;-73602669
2015/04/12;15:05:48;3367712;6763832;-69.74;3552544;143409;320.97;17476;67;0;0;4534930;4448302
2015/04/12;15:05:58;15116;266016;-286.78;854539;6751187;-206.69;1575;89;0;0;-46756521;-49357798
2015/04/12;15:06:08;3236640;6775604;-73.88;3487008;144996;318.01;17476;67;0;0;4133418;4423328
2015/04/12;15:06:18;12812;266016;-303.32;854539;6751099;-206.69;1073;89;0;0;-72550353;-72042759
2015/04/12;15:06:28;3171104;6764341;-75.76;3487008;156985;310.06;17476;67;0;0;4417997;4356344
2015/04/12;15:06:38;18700;266016;-265.50;854539;6751050;-206.69;1595;89;0;0;-40362940;-47731257
2015/04/12;15:06:48;3629600;6763362;-62.24;3421472;145460;315.79;17476;67;0;0;3946309;4404622
2015/04/12;15:06:58;20492;266016;-256.35;854539;6751207;-206.69;1545;89;0;0;-42628345;-49822344
2015/04/12;15:07:08;6644000;6776163;-1.97;3355936;143415;315.27;17476;67;0;0;4938770;4400274
2015/04/12;15:07:18;22028;266016;-249.12;854539;6751044;-206.69;1555;89;0;0;-53927688;-49452623
2015/04/12;15:07:28;6381856;6763319;-5.81;3355936;143411;315.28;17476;67;0;0;4723970;4400277
2015/04/12;15:07:38;17164;266016;-274.07;854539;6751002;-206.69;1565;89;0;0;-58160666;-49136835
2015/04/12;15:07:48;3760416;6776369;-58.89;3290400;157285;304.07;17476;67;0;0;4177723;4305797
2015/04/12;15:07:58;22028;266016;-249.12;854539;6751045;-206.69;1575;89;0;0;-40980664;-47776642
2015/04/12;15:08:08;3563808;6763576;-64.07;3290400;144697;312.41;17476;67;0;0;3592737;4376125
2015/04/12;15:08:18;22028;266016;-249.12;854539;6751077;-206.69;1585;89;0;0;-39613037;-48250624
2015/04/12;15:08:28;3432736;6764849;-67.84;3290400;143670;313.12;17476;67;0;0;3519620;4382134
2015/04/12;15:08:38;21004;266016;-253.88;854539;6751074;-206.69;1595;89;0;0;-39576152;-48013900
2015/04/12;15:08:48;3236128;6764646;-73.73;3290400;143666;313.13;17476;67;0;0;3497587;4382157
2015/04/12;15:08:58;22028;266016;-249.12;854539;6750985;-206.69;1545;89;0;0;-38516993;-49567888
2015/04/12;15:09:08;6699296;6762853;-0.94;3290400;144432;312.60;17476;67;0;0;4818350;4377663
2015/04/12;15:09:18;20236;266016;-257.61;854539;6751167;-206.69;1555;89;0;0;-56002837;-49198998
2015/04/12;15:09:28;6568224;6762854;-2.92;3224864;145764;309.67;17476;67;0;0;4944724;4352987
2015/04/12;15:09:38;16140;266016;-280.23;854539;6751195;-206.69;1565;89;0;0;-60119818;-48608856
2015/04/12;15:09:48;6502688;6776375;-4.12;3224864;157281;302.06;17476;67;0;0;5360466;4288883
2015/04/12;15:09:58;20236;266016;-257.61;854539;6751064;-206.69;1575;89;0;0;-54606982;-47588718
2015/04/12;15:10:08;6371616;6775097;-6.14;3224864;157238;302.09;17476;67;0;0;4882211;4289097
2015/04/12;15:10:18;19980;266016;-258.88;854539;6751119;-206.69;1585;89;0;0;-54103142;-47291091
2015/04/12;15:10:28;3619104;6763876;-62.54;3224864;156977;302.25;17476;67;0;0;3811997;4290504
2015/04/12;15:10:38;21260;266016;-252.67;854539;6751169;-206.69;1595;89;0;0;-40446149;-47010009
2015/04/12;15:10:48;3488032;6764900;-66.24;3159328;144486;308.49;17476;67;0;0;3619528;4343103
2015/04/12;15:10:58;21004;266016;-253.88;854539;6751231;-206.69;1545;89;0;0;-41207701;-49126341
2015/04/12;15:11:08;3422496;6764594;-68.13;3159328;157283;300.01;17476;67;0;0;3606310;4271568
2015/04/12;15:11:18;19724;266017;-260.17;854539;6751129;-206.69;1555;89;0;0;-41901841;-48006241
2015/04/12;15:11:28;3291424;6776163;-72.21;3159328;156985;300.20;17476;67;0;0;3649259;4273154
2015/04/12;15:11:38;21516;266017;-251.48;854539;6751195;-206.69;1565;89;0;0;-38865144;-47717436
2015/04/12;15:11:48;3225888;6763314;-74.03;3159328;144183;308.70;17476;67;0;0;3445065;4344876
2015/04/12;15:11:58;21516;266017;-251.48;854539;6751118;-206.69;1575;89;0;0;-38226008;-48210081
2015/04/12;15:12:08;6699040;6776165;-1.14;3159328;144181;308.70;17476;67;0;0;4860124;4344878
2015/04/12;15:12:18;21260;266017;-252.67;854539;6751147;-206.69;1585;89;0;0;-53843303;-47906086
2015/04/12;15:12:28;6633504;6776121;-2.13;3159328;144179;308.71;17476;67;0;0;4864288;4344893
2015/04/12;15:12:38;21260;266017;-252.67;854539;6751071;-206.69;1595;89;0;0;-53296737;-47605758
2015/04/12;15:12:48;6567968;6775861;-3.12;3159328;156720;300.37;17476;67;0;0;4845086;4274571
2015/04/12;15:12:58;21260;266017;-252.67;854539;6751168;-206.69;1545;89;0;0;-54804353;-48351210
2015/04/12;15:13:08;6502432;6762546;-3.92;6698016;157029;375.31;17476;67;0;0;4829435;4906412
2015/04/12;15:13:18;21260;266017;-252.67;854539;6751160;-206.69;1555;89;0;0;-54276022;-55141114
2015/04/12;15:13:28;6371360;6764900;-5.99;6698016;156515;375.64;17476;67;0;0;4789225;4909175
2015/04/12;15:13:38;21004;266017;-253.88;854539;6751227;-206.69;1565;89;0;0;-53742830;-54819733
2015/04/12;15:13:48;3749920;6763875;-58.99;6698016;144994;383.29;17476;67;0;0;3783906;4973640
2015/04/12;15:13:58;20748;266017;-255.11;854539;6751012;-206.69;1575;89;0;0;-42249910;-55186578
2015/04/12;15:14:08;3684384;6764131;-60.75;6698016;145209;383.14;17476;67;0;0;3773410;4972364
2015/04/12;15:14:18;21004;266017;-253.88;854539;6751150;-206.69;1585;89;0;0;-41342610;-54824815
2015/04/12;15:14:28;3618848;6762853;-62.53;3303491;2105405;45.05;26424;117;0;0;2457066;1403555
2015/04/12;15:14:38;34552;839017;-318.98;20329;725412;-357.47;1039;12;0;0;-83744596;-57075227
2015/04/12;15:14:48;3303491;2105405;45.05;3303491;2105405;45.05;26470;117;0;0;4666050;2240316
2015/04/12;15:14:58;34271;839025;-319.79;20308;725410;-357.57;1039;12;0;0;-119141226;-57089843
2015/04/12;15:15:08;3303491;2105405;45.05;3303491;2105405;45.05;26467;117;0;0;4677060;2241144
2015/04/12;15:15:18;33980;839054;-320.65;20268;725400;-357.77;1039;12;0;0;-119420823;-57117604
2015/04/12;15:15:28;3303491;2105405;45.05;3223875;4415284;-31.45;26424;117;0;0;4695664;1819381
2015/04/12;15:15:38;16207162;9964517;48.64;10682468;12061906;-12.14;3277;76;0;0;372225;867861
2015/04/12;15:15:48;3223875;4415284;-31.45;3223875;4415284;-31.45;8224;55;0;0;-3304264;-345815
2015/04/12;15:15:58;12864826;9112549;34.48;6160473;10030290;-48.75;3277;75;0;0;6826557;-777622
2015/04/12;15:16:08;3223875;4415284;-31.45;3223875;4415284;-31.45;8224;55;0;0;-2720164;309857
2015/04/12;15:16:18;7687482;7736293;-0.63;6094937;9112786;-40.22;3277;73;0;0;3190595;-394422
2015/04/12;15:16:28;3223875;4415284;-31.45;6253685;4408388;34.97;8224;55;0;0;-1271350;1346934
2015/04/12;15:16:38;4538662;3823669;17.14;3870220;5834259;-41.04;34827;120;0;0;473384;-321539
2015/04/12;15:16:48;6253685;4408388;34.97;6253685;4408388;34.97;17247;104;0;0;350643;649285
2015/04/12;15:16:58;4538662;3823669;17.14;3870220;5834269;-41.04;33547;119;0;0;-180271;-333808
2015/04/12;15:17:08;6253685;4408388;34.97;6253685;4408388;34.97;17247;104;0;0;350643;649287
2015/04/12;15:17:18;4538662;3823669;17.14;3870220;5834279;-41.04;59147;117;0;0;-102246;-189330
2015/04/12;15:17:28;6253685;4408388;34.97;6253685;7694131;-20.73;17247;104;0;0;350643;173535
2015/04/12;15:17:38;6579252;2490979;97.12;2162739;787471;101.03;14936;77;0;0;1412013;1201011
2015/04/12;15:17:48;7081226;7694083;-8.30;3224631;7694128;-86.96;17220;49;0;0;-2077227;-1608390
2015/04/12;15:17:58;6579252;2490980;97.12;2162738;787471;101.03;14936;77;0;0;2394874;1854343
2015/04/12;15:18:08;527626;7694083;-267.98;3224631;7694128;-86.96;17220;49;0;0;-7193826;-1608389
2015/04/12;15:18:18;6579252;2490980;97.12;2162738;787471;101.03;14936;77;0;0;8293900;1854343
2015/04/12;15:18:28;7212298;7694083;-6.47;3224631;7694134;-86.96;17220;49;0;0;-2041089;-1608390
2015/04/12;15:18:38;4010600;3416096;16.04;13828212;3280076;143.88;9730;65;0;0;784962;3495374
2015/04/12;15:18:48;14811213;658192;311.36;4010600;3612704;10.45;30055;108;0;0;3333879;-654088
2015/04/12;15:18:58;4010600;3416096;16.04;15532148;3280076;155.50;9730;65;0;0;-10298020;2196357
2015/04/12;15:19:08;11796557;658192;288.61;4010600;3612704;10.45;30055;108;0;0;3076967;-711048
2015/04/12;15:19:18;4010600;3416096;16.04;8716404;3280077;97.73;9730;65;0;0;-9504444;1321628
2015/04/12;15:19:28;8454221;658193;255.29;4010600;3612704;10.45;30055;108;0;0;2700880;-427864
2015/04/12;15:19:38;3420465;6832991;-69.20;14950733;7539723;68.46;13344;100;0;0;-8250687;640456
2015/04/12;15:19:48;13603840;5091852;98.27;3420465;6832991;-69.20;2571;13;0;0;22100783;-7888111
2015/04/12;15:19:58;3420465;6832991;-69.20;14964557;7538443;68.57;13344;100;0;0;-4258177;1521017
2015/04/12;15:20:08;13600768;5090828;98.27;3420465;6832991;-69.20;2571;13;0;0;22100457;-7894380
2015/04/12;15:20:18;3420465;6832991;-69.20;14931789;7535115;68.39;13344;100;0;0;-4258114;1519084
2015/04/12;15:20:28;13595648;5089804;98.25;3420465;6832991;-69.20;2571;13;0;0;22098143;-7884349
2015/04/12;15:20:38;4480876;3228484;32.78;3491137;5061208;-37.14;26691;50;0;0;-832251;176966
2015/04/12;15:20:48;1245967;22788;400.14;4480876;3228484;32.78;19871;0;0;0;6272620;518384
2015/04/12;15:20:58;4480876;3228484;32.78;3491137;5061208;-37.14;26691;50;0;0;-4669860;-385928
2015/04/12;15:21:08;1901327;22788;442.41;4480876;3228484;32.78;19857;0;0;0;6999198;518749
2015/04/12;15:21:18;4480876;3228484;32.78;3491137;5061208;-37.14;26691;50;0;0;-5207114;-385928
2015/04/12;15:21:28;2556687;22788;472.02;4480876;3228484;32.78;19848;0;0;0;7508644;518984
2015/04/12;15:21:38;3366764;7107943;-74.73;6567780;4269570;43.07;12611;49;0;0;-14709992;120161
2015/04/12;15:21:48;992000;986116;0.59;200205;7107943;-356.96;89;144;0;0;287143953;-662187626
2015/04/12;15:21:58;6500402;7107943;-8.93;3422052;4269570;-22.13;12611;49;0;0;-256394;3911663
2015/04/12;15:22:08;992000;986116;0.59;210957;7107943;-351.73;89;16;0;0;36330161;-545609976
2015/04/12;15:22:18;3354674;7107943;-75.09;3290980;4269570;-26.03;12611;49;0;0;-2036149;3804925
2015/04/12;15:22:28;992000;986116;0.59;258829;7107943;-331.28;89;12;0;0;288515397;-505290916
2015/04/12;15:22:38;6645297;7107943;-6.73;2112818;6566944;-113.40;27765;95;0;0;-89516;1156097
2015/04/12;15:22:48;13433088;12812;695.51;1080832;854539;23.49;3852;5;0;0;61854707;5235776
2015/04/12;15:22:58;2112818;3225376;-42.30;2112818;6566944;-113.40;27765;95;0;0;-9016162;-726390
2015/04/12;15:23:08;13435648;12812;695.53;1121280;854539;27.17;3852;5;0;0;64989670;5376293
2015/04/12;15:23:18;2112818;3225376;-42.30;2112818;6566944;-113.40;27765;95;0;0;-9016395;-745884
2015/04/12;15:23:28;13441792;12812;695.57;1075712;854539;23.02;3852;5;0;0;64993697;5217615
2015/04/12;15:23:38;2112818;3225376;-42.30;6239281;3303491;63.59;27765;95;0;0;-9016954;215277
2015/04/12;15:23:48;778785;28800;329.74;838934;19758;374.86;50;35;0;0;2147483647;917160481
2015/04/12;15:23:58;6239281;3303491;63.59;6239281;3303491;63.59;12343;54;0;0;-7316025;-3715306
2015/04/12;15:24:08;778713;28776;329.81;838848;19754;374.87;50;35;0;0;1806537005;917189933
2015/04/12;15:24:18;6239281;3303491;63.59;6239281;3303491;63.59;12343;54;0;0;-7318063;-3715425
2015/04/12;15:24:28;778766;28769;329.84;838848;19750;374.89;50;35;0;0;1806748280;917249603
2015/04/12;15:24:38;6239281;3303491;63.59;4473951;3223875;32.77;12343;53;0;0;-7318919;-4083532
2015/04/12;15:24:48;5780805;16207162;-103.09;269575;11206745;-372.74;112;139;0;0;-504937836;-533414179
2015/04/12;15:24:58;4473951;3223875;32.77;4473951;3223875;32.77;12904;61;0;0;3572237;4629757
2015/04/12;15:25:08;5780805;12340538;-75.83;272135;10289241;-363.26;112;92;0;0;-329002531;-520935045
2015/04/12;15:25:18;4473951;3223875;32.77;4473951;3223875;32.77;12904;61;0;0;2855571;4521445
2015/04/12;15:25:28;5780805;13389114;-83.99;274695;8126553;-338.72;112;129;0;0;-353707949;-488664701
2015/04/12;15:25:38;4473951;3223875;32.77;6764639;6253685;7.85;12904;61;0;0;3070001;3956899
2015/04/12;15:25:48;145253;4538662;-344.19;266020;528140;-68.58;54861;225;0;0;-2331337;-205256
2015/04/12;15:25:58;6751227;6253685;7.66;6775090;6253685;8.01;12593;52;0;0;9479764;895997
2015/04/12;15:26:08;156515;4538662;-336.72;266020;528140;-68.58;43853;225;0;0;-2664470;-257298
2015/04/12;15:26:18;6751068;6253685;7.65;6764598;6253685;7.85;12593;52;0;0;9278505;894184
2015/04/12;15:26:28;143969;4538662;-345.08;266020;528140;-68.58;62029;225;0;0;-1929406;-181535
2015/04/12;15:26:38;6751227;6253685;7.66;6776417;6253685;8.03;12593;52;0;0;9503687;896226
2015/04/12;15:26:48;2105405;3498804;-50.79;838901;2359362;-103.41;17729;53;0;0;-1118534;-925998
2015/04/12;15:26:58;725131;2362634;-118.12;2105405;3563830;-52.63;24428;68;0;0;-935132;306211
2015/04/12;15:27:08;2105405;3629876;-54.47;838784;2359346;-103.42;17729;53;0;0;1218093;-422025
2015/04/12;15:27:18;725063;11013386;-272.06;2105405;3170614;-40.94;24428;68;0;0;-3022234;376800
2015/04/12;15:27:28;2105405;3564340;-52.65;838643;2359346;-103.44;17729;53;0;0;4199070;-519316
2015/04/12;15:27:38;724957;12979466;-288.50;2105405;6568246;-113.77;24428;68;0;0;-3275888;-62351
2015/04/12;15:27:48;4415284;4010600;9.61;11799520;3932265;109.88;13667;53;0;0;7400877;2410968
2015/04/12;15:27:58;5573835;327756;283.36;4415284;4010600;9.61;28173;3;0;0;3296741;-524352
2015/04/12;15:28:08;4415284;4010600;9.61;7670752;852073;219.75;13411;99;0;0;-6925589;2308449
2015/04/12;15:28:18;4984010;12255308;-89.97;4415284;4010600;9.61;54285;3;0;0;-622430;-570298
2015/04/12;15:28:28;4415284;4010600;9.61;1706976;1310825;26.41;13411;51;0;0;2519468;184485
2015/04/12;15:28:38;4394186;11403340;-95.36;4415284;4010600;9.61;40205;3;0;0;-885894;-61538
2015/04/12;15:28:48;4408388;3420465;25.37;3823669;14656077;-134.36;15666;32;0;0;2614876;-1353993
2015/04/12;15:28:58;5833757;13279744;-82.26;4408388;3420465;25.37;40448;15;0;0;-902848;581822
2015/04/12;15:29:08;4408388;3420465;25.37;3823669;14657357;-134.37;15666;32;0;0;2331060;-1502287
2015/04/12;15:29:18;5833767;13307648;-82.47;4408388;3420465;25.37;0;16;0;0;-731790807;470696440
2015/04/12;15:29:28;4408388;3420465;25.37;3823669;14663757;-134.42;15666;32;0;0;2335602;-1502697
2015/04/12;15:29:38;5833777;13279744;-82.26;4408388;3420465;25.37;43776;15;0;0;-834207;537766
2015/04/12;15:29:48;7694129;4480876;54.06;2490936;3491137;-33.76;13361;95;0;0;3461774;-652003
2015/04/12;15:29:58;787471;1903631;-88.27;7694083;4480876;54.06;51890;12;0;0;-930670;249339
2015/04/12;15:30:08;7694179;4480876;54.06;2490981;3491137;-33.76;13361;95;0;0;3614452;-968336
2015/04/12;15:30:18;787471;2558991;-117.85;7694083;4480876;54.06;51820;12;0;0;-1125640;249671
2015/04/12;15:30:28;7694181;4480876;54.06;2490937;3491137;-33.76;13361;95;0;0;4365741;-968356
2015/04/12;15:30:38;787471;3214351;-140.66;7694083;4480876;54.06;51843;12;0;0;-1274366;249565
2015/04/12;15:30:48;7694131;6643564;14.68;3416096;3761762;-9.64;17503;68;0;0;3011163;-536194
2015/04/12;15:30:58;3280076;992256;119.56;658191;231437;104.52;7437;4;0;0;4784996;2261450
2015/04/12;15:31:08;3547168;3486006;1.74;3416096;6448226;-63.53;17503;68;0;0;-2284009;-1414504
2015/04/12;15:31:18;4066508;992256;141.06;658192;208653;114.88;9997;6;0;0;4728319;2629279
2015/04/12;15:31:28;3547168;6500661;-60.58;3416096;3302242;3.39;17503;68;0;0;-3908581;-938456
2015/04/12;15:31:38;4066508;992256;141.06;658192;198925;119.66;12557;6;0;0;5448108;1364115
2015/04/12;15:31:48;3547168;6502452;-60.60;6832991;2112818;117.37;25183;103;0;0;-2716961;-13355
2015/04/12;15:31:58;6564619;13367040;-71.11;4966924;1009152;159.37;3876;4;0;0;-919727;1596225
2015/04/12;15:32:08;6832991;2112818;117.37;6832991;2112818;117.37;13926;103;0;0;4592204;-444274
2015/04/12;15:32:18;6551051;13373184;-71.36;4966156;1018112;158.47;3876;4;0;0;-16521367;1562038
2015/04/12;15:32:28;6832991;2112818;117.37;6832991;2112818;117.37;24930;103;0;0;2568665;-242858
2015/04/12;15:32:38;6535691;13326336;-71.25;4964620;978432;162.41;3876;4;0;0;-16511196;1711966
2015/04/12;15:32:48;6832991;2112818;117.37;3228484;6239281;-65.89;26169;103;0;0;2445542;-1285278
2015/04/12;15:32:58;5061208;777833;187.28;22788;837996;-360.48;52031;12;0;0;455886;-834141
2015/04/12;15:33:08;3228484;6239281;-65.89;3228484;6239281;-65.89;8253;32;0;0;-10408165;5258838
2015/04/12;15:33:18;5061208;777918;187.27;22788;838093;-360.49;52115;12;0;0;1648180;-832829
2015/04/12;15:33:28;3228484;6239281;-65.89;3228484;6239281;-65.89;8253;32;0;0;-10407716;5259045
2015/04/12;15:33:38;5061208;777966;187.27;22788;838162;-360.50;52174;12;0;0;1646276;-831911
2015/04/12;15:33:48;3228484;6239281;-65.89;7107943;4473951;46.29;8253;32;0;0;-10407462;7261729
2015/04/12;15:33:58;4269570;5780805;-30.30;986116;272144;128.74;3038;14;0;0;3973921;3998374
2015/04/12;15:34:08;7107943;4473951;46.29;7107943;4473951;46.29;24372;67;0;0;1066337;-498402
2015/04/12;15:34:18;4269570;5780805;-30.30;986116;274704;127.81;3038;6;0;0;-8554568;3952970
2015/04/12;15:34:28;7107943;4473951;46.29;7107943;4473951;46.29;24372;67;0;0;1066337;-492743
2015/04/12;15:34:38;4269570;5780805;-30.30;986116;277264;126.88;3038;250;0;0;-8554568;3907987
2015/04/12;15:34:48;7107943;4473951;46.29;7107943;6775135;4.80;24372;67;0;0;1066337;-737991
2015/04/12;15:34:58;6435872;145209;379.15;12812;266020;-303.32;22581;58;0;0;5001297;-2010242
2015/04/12;15:35:08;854539;6751123;-206.69;3225120;6775396;-74.23;17476;67;0;0;-11373874;1931241
2015/04/12;15:35:18;6435872;145209;379.15;12812;266020;-303.32;22581;58;0;0;8802526;-1494636
2015/04/12;15:35:28;854539;6751019;-206.69;3225120;6775140;-74.23;17476;67;0;0;-11373845;1931273
2015/04/12;15:35:38;6435872;144697;379.50;12812;266020;-303.32;22581;58;0;0;8807810;-1494660
2015/04/12;15:35:48;854539;6751035;-206.69;3225120;6763620;-74.06;17476;67;0;0;-11380707;1932708
2015/04/12;15:35:58;3303491;2105405;45.05;25035;838517;-351.14;563;38;0;0;151708780;-72505687
2015/04/12;15:36:08;19347;724838;-362.34;3303491;2105405;45.05;26371;117;0;0;-5241500;2213345
2015/04/12;15:36:18;3303491;2105405;45.05;25033;838520;-351.14;563;38;0;0;245512585;-103675585
2015/04/12;15:36:28;19347;724802;-362.34;3303491;2105405;45.05;26371;117;0;0;-5241436;2213392
2015/04/12;15:36:38;3303491;2105405;45.05;25032;838523;-351.15;563;38;0;0;245509592;-103676724
2015/04/12;15:36:48;19347;724841;-362.34;3303491;2105405;45.05;26371;117;0;0;-5241505;2213416
2015/04/12;15:36:58;3223875;4415284;-31.45;14896442;12323806;18.96;8224;52;0;0;13651416;-467349
2015/04/12;15:37:08;4391001;9309385;-75.15;3223875;4415284;-31.45;2831;10;0;0;-5237126;-2623235
2015/04/12;15:37:18;3223875;4415284;-31.45;8539450;11733982;-31.78;8224;52;0;0;1802809;-5919
2015/04/12;15:37:28;6357081;9505993;-40.24;3223875;4415284;-31.45;2831;10;0;0;-1053052;17196
2015/04/12;15:37:38;3223875;4415284;-31.45;10177850;11340766;-10.82;8224;52;0;0;362499;369566
2015/04/12;15:37:48;4522073;9374921;-72.91;3223875;4415284;-31.45;2831;10;0;0;-4968687;-1073581
2015/04/12;15:37:58;6253685;4408388;34.97;4538662;3823669;17.14;17247;104;0;0;2122133;415071
2015/04/12;15:38:08;1314572;5834279;-149.02;6253685;4408388;34.97;24844;75;0;0;-2512735;105697
2015/04/12;15:38:18;6253685;4408388;34.97;4538662;3823669;17.14;17247;104;0;0;3619550;-152255
2015/04/12;15:38:28;1314572;5834289;-149.02;6253685;4408388;34.97;23820;75;0;0;-2620757;110241
2015/04/12;15:38:38;6253685;4408388;34.97;4538662;3823669;17.14;17247;104;0;0;3619554;-152255
2015/04/12;15:38:48;1314572;5833787;-149.02;6253685;4408388;34.97;28684;75;0;0;-2176249;91547
2015/04/12;15:38:58;6253685;7694182;-20.73;3498548;2490982;33.97;17220;49;0;0;2527670;-8548
2015/04/12;15:39:08;2359346;787471;109.73;14683402;7694083;64.63;22788;0;0;0;1942437;198216
2015/04/12;15:39:18;3434037;7694182;-80.67;3564084;2490934;35.82;17220;49;0;0;-3751602;-246413
2015/04/12;15:39:28;2359346;787471;109.73;2821386;7694083;-100.32;22788;0;0;0;2834939;-880202
2015/04/12;15:39:38;3368501;7694182;-82.60;3564084;2490931;35.83;17220;49;0;0;-3789568;1164812
2015/04/12;15:39:48;2359347;787471;109.73;986378;7694083;-205.42;22788;0;0;0;2863629;-1559646
2015/04/12;15:39:58;3237429;7694182;-86.57;4010600;3416096;16.04;30055;108;0;0;-2216036;1085576
2015/04/12;15:40:08;13828189;3935435;125.67;11075659;658191;282.30;3076;15;0;0;23410406;12752460
2015/04/12;15:40:18;4010600;3481632;14.14;4010600;3416096;16.04;30055;108;0;0;-1259008;-1305159
2015/04/12;15:40:28;11993181;4459723;98.93;8912971;658191;260.58;3076;15;0;0;9351619;11711971
2015/04/12;15:40:38;4010600;3481632;14.14;4010600;3416096;16.04;30055;108;0;0;-957098;-1198670
2015/04/12;15:40:48;15597661;4394187;126.68;12058698;658191;290.80;3076;15;0;0;12413485;13159745
2015/04/12;15:40:58;4010600;3481632;14.14;3420465;6832991;-69.20;30055;108;0;0;-1270467;-1764694
2015/04/12;15:41:08;14503501;6084875;86.86;13120512;4925964;97.97;12812;0;0;0;1925649;1922234
2015/04/12;15:41:18;3420465;6832991;-69.20;3420465;6832991;-69.20;13600;99;0;0;-3893301;-1810857
2015/04/12;15:41:28;14489933;6085131;86.76;13086208;4925452;97.71;12812;0;0;0;4130167;1919343
2015/04/12;15:41:38;3420465;6832991;-69.20;3420465;6832991;-69.20;13600;99;0;0;-3890861;-1808134
2015/04/12;15:41:48;14513741;6084619;86.93;13093120;4925708;97.76;12812;0;0;0;4134738;1919891
2015/04/12;15:41:58;3420465;6832991;-69.20;4480876;3228484;32.78;13600;99;0;0;-3895166;-703930
2015/04/12;15:42:08;3491137;5061208;-37.14;3217423;22790;495.00;23651;0;0;0;459938;2879252
2015/04/12;15:42:18;4480876;3228484;32.78;4480876;3228484;32.78;26691;50;0;0;888792;-2551317
2015/04/12;15:42:28;3491137;5061208;-37.14;3872783;22790;513.54;23543;0;0;0;-1007635;3008474
2015/04/12;15:42:38;4480876;3228484;32.78;4480876;3228484;32.78;26691;50;0;0;888792;-2653648
2015/04/12;15:42:48;3491137;5061208;-37.14;596239;22790;326.43;23485;0;0;0;-1010123;1842134
2015/04/12;15:42:58;4480876;3228484;32.78;3170156;7107943;-80.74;26691;50;0;0;888792;-2247482
2015/04/12;15:43:08;3695713;4269570;-14.43;992256;986116;0.62;19770;206;0;0;-810294;606324
2015/04/12;15:43:18;256269;7107943;-332.27;6448737;7107943;-9.73;12611;49;0;0;-8551312;-120954
2015/04/12;15:43:28;3499105;4269570;-19.90;992256;986116;0.62;19770;179;0;0;5360942;77155
2015/04/12;15:43:38;217101;7107943;-348.86;6644833;7107943;-6.74;12611;49;0;0;-8850486;-85959
2015/04/12;15:43:48;3499105;4269570;-19.90;992256;986116;0.62;19770;148;0;0;5645599;54832
2015/04/12;15:43:58;245261;7107943;-336.66;3302241;7107943;-76.66;12611;49;0;0;-8522359;-902834
2015/04/12;15:44:08;2112818;6370336;-110.36;13313792;15628;674.75;16678;69;0;0;4603808;6637627
2015/04/12;15:44:18;978432;854539;13.54;2112818;6370592;-110.37;27765;95;0;0;1514097;-4165968
2015/04/12;15:44:28;2112818;6370336;-110.36;13319168;15884;673.16;16678;69;0;0;-2520621;6921374
2015/04/12;15:44:38;989184;854539;14.63;2112818;6370592;-110.37;27765;95;0;0;1527453;-4157561
2015/04/12;15:44:48;2112818;6370336;-110.36;13312512;15628;674.74;16678;69;0;0;-2542855;6935285
2015/04/12;15:44:58;983296;854539;14.03;2112818;6370592;-110.37;27765;95;0;0;1520157;-4165917
2015/04/12;15:45:08;6239281;3303491;63.59;777376;23050;351.83;24884;99;0;0;675662;2736420
2015/04/12;15:45:18;837294;19143;377.82;6239281;3303491;63.59;3338;107;0;0;31940541;-12721654
2015/04/12;15:45:28;6239281;3303491;63.59;777383;23001;352.04;24884;97;0;0;-4284581;1707779
2015/04/12;15:45:38;837256;19114;377.97;6239281;3303491;63.59;3338;238;0;0;31955489;-12731086
2015/04/12;15:45:48;6239281;3303491;63.59;777427;22958;352.23;24884;98;0;0;-4286587;1708920
2015/04/12;15:45:58;837241;19123;377.92;6239281;3303491;63.59;3338;113;0;0;31950522;-12739595
2015/04/12;15:46:08;4473951;3223875;32.77;5780805;5328186;8.15;12904;61;0;0;-9075305;-632910
2015/04/12;15:46:18;405788;15007833;-361.05;4473951;3223875;32.77;74;214;0;0;-1805668293;49006983
2015/04/12;15:46:28;4473951;3223875;32.77;5780805;9260346;-47.12;12904;61;0;0;10354886;-912096
2015/04/12;15:46:38;408348;16121945;-367.58;4473951;3223875;32.77;74;241;0;0;-1835617794;159049738
2015/04/12;15:46:48;4473951;3223875;32.77;5780805;412986;263.89;12904;61;0;0;10526636;2638714
2015/04/12;15:46:58;395549;11927641;-340.63;4473951;3223875;32.77;74;221;0;0;-1712061479;-460134582
2015/04/12;15:47:08;6764639;6253685;7.85;156472;4538662;-336.75;12593;52;0;0;9389271;-4323030
2015/04/12;15:47:18;266020;1904396;-196.83;6751084;6253685;7.65;14848;197;0;0;-4677346;3417278
2015/04/12;15:47:28;6764342;6253685;7.85;156983;4538662;-336.43;12593;52;0;0;5514789;-4025387
2015/04/12;15:47:38;266020;1904396;-196.83;6751173;6253685;7.65;24576;197;0;0;-2825836;2062659
2015/04/12;15:47:48;6762549;6253685;7.82;145721;4538662;-343.87;12593;52;0;0;5514075;-4112495
2015/04/12;15:47:58;266020;1969932;-200.22;6751156;6253685;7.65;18944;197;0;0;-3726072;2733774
2015/04/12;15:48:08;6764595;6253685;7.85;2105405;3760436;-58.00;24428;68;0;0;2890002;-395980
2015/04/12;15:48:18;838215;2359346;-103.49;724518;1379594;-64.40;7695;49;0;0;-4909247;-122553
